50 100 0
0 2  
0 45 
0 44 
2 7  
2 49 
2 5  
2 19 
3 24 
4 28 
5 20 
6 16 
6 20 
6 34 
7 0  
7 13 
7 44 
7 27 
8 18 
8 37 
9 49 
10 48
10 38
10 7 
10 20
10 15
11 40
12 44
13 31
13 40
15 1
15 9
15 6
16 2
17 5
17 10
17 28
18 47
18 25
19 27
20 17
20 13
23 25
23 4
24 17
24 42
24 28
24 39
25 11
27 47
27 32
27 0
27 8
28 42
28 14
29 10
30 37
30 47
31 20
31 10
31 1
32 25
33 43
33 39
33 26
33 5
34 16
35 11
35 12
35 45
36 41
36 27
36 39
36 18
37 20
37 24
37 48
37 14
38 31
39 14
39 9
39 42
41 12
41 39
42 43
42 19
43 23
43 36
43 9
44 27
44 1
45 4
45 23
45 39
45 5
46 14
46 34
47 40
47 42
48 34
49 20