500 800 0
0 307
0 291
0 471
1 281
2 308
2 158
2 285
3 436
3 102
5 172
5 63
7 256
7 150
8 396
9 259
9 371
10 23
10 154
12 307
13 45
13 471
13 63
14 449
14 314
14 236
16 479
16 65
16 30
16 337
17 90
17 93
17 135
17 121
18 275
19 9
20 370
21 50
21 390
22 17
23 46
23 83
25 490
25 265
26 188
27 253
27 160
28 379
30 41
30 229
30 175
30 207
31 248
31 124
31 347
31 397
32 318
33 199
33 315
34 445
34 147
35 138
36 59
37 171
37 470
38 470
38 495
39 317
40 320
40 497
40 241
40 208
41 69
41 386
41 258
42 91
44 104
44 174
44 498
44 295
47 486
47 75
49 178
51 173
51 151
52 243
52 209
54 33
55 303
55 200
56 476
57 324
57 310
58 82
58 13
59 273
59 3
59 46
59 432
59 80
60 353
60 100
60 480
60 388
61 104
61 114
61 24
62 139
62 28
63 461
66 344
66 145
67 315
67 423
68 485
68 197
68 339
69 231
69 67
70 484
72 346
72 43
73 311
74 407
75 78
75 102
76 391
77 34
78 326
78 66
78 182
78 430
79 376
83 221
83 54
85 366
86 348
86 222
86 67
87 404
88 368
88 270
89 333
90 232
90 288
90 362
91 277
92 315
92 180
92 53
94 486
94 287
94 321
95 135
98 475
98 84
98 338
99 429
99 141
100 47
101 132
101 37
102 491
102 386
102 3
103 95
103 292
103 429
103 210
103 181
103 265
103 18
103 245
103 440
105 174
105 329
105 100
106 212
107 279
107 269
108 461
108 447
109 471
109 482
111 32
113 491
113 300
114 390
114 327
114 185
115 380
116 328
116 89
116 494
117 456
117 159
118 142
118 160
119 58
120 376
120 357
122 310
122 78
123 478
124 427
126 122
126 452
127 373
127 1
128 187
128 267
129 259
129 487
130 209
131 12
132 93
134 403
134 237
134 128
135 303
135 85
135 133
136 484
137 379
137 79
137 145
138 339
139 222
139 369
140 179
141 15
141 171
142 143
143 415
143 35
144 160
144 213
145 312
147 218
148 186
149 423
150 141
150 330
151 59
152 429
152 31
153 469
154 22
154 131
155 86
156 111
156 179
156 478
156 392
157 141
157 336
159 133
159 305
162 257
162 121
162 81
163 305
163 198
163 362
163 40
163 166
164 266
164 144
165 50
165 39
165 191
166 161
166 3
167 144
168 354
168 59
169 147
169 86
170 452
170 101
170 167
172 431
172 334
172 258
173 183
173 97
175 269
176 266
176 146
177 409
177 203
178 125
178 437
179 272
179 31
179 441
181 244
182 236
183 248
186 263
186 318
187 390
187 16
188 106
188 363
188 177
189 61
189 297
189 144
190 427
190 56
191 28
191 478
192 226
192 456
192 165
192 180
192 19
193 3
193 333
193 4
193 32
194 123
194 206
195 274
195 123
195 420
195 50
198 263
199 119
199 241
200 129
201 126
201 377
201 276
201 472
203 414
203 283
203 131
204 412
204 387
205 158
205 35
206 167
206 70
207 47
207 187
208 48
208 268
209 425
209 20
212 68
212 344
213 7
213 476
213 193
214 28
214 288
215 246
215 402
216 407
216 31
217 450
218 324
218 499
221 53
221 373
222 218
222 84
223 237
225 132
226 198
226 398
226 301
228 453
228 379
228 335
230 251
230 432
230 297
230 241
232 271
232 154
232 40
233 181
234 422
234 471
234 444
234 332
235 363
236 277
237 49
237 293
237 258
237 187
237 144
238 285
239 352
240 305
240 402
241 151
241 491
241 438
242 142
245 422
245 30
245 98
245 407
246 160
247 276
248 436
249 52
249 483
250 242
251 5
252 74
253 223
254 55
254 408
254 105
255 437
256 172
256 0
257 290
258 134
258 391
258 14
258 238
259 234
260 150
261 305
263 345
263 473
264 156
264 260
264 172
265 26
265 119
265 182
266 34
266 291
266 435
267 139
267 244
270 278
270 121
270 234
271 474
271 143
271 460
273 346
275 121
275 11
275 426
275 37
275 167
276 226
276 425
276 16
277 166
278 191
278 221
279 474
280 436
282 475
283 369
283 205
284 348
284 313
284 20
285 55
285 46
286 128
287 194
289 54
289 260
289 441
290 10
291 128
291 380
292 102
292 424
294 184
294 416
294 377
298 95
298 451
299 111
299 116
299 198
299 315
301 221
301 27
302 286
303 40
305 129
307 71
308 188
308 314
308 261
308 6
309 375
309 25
309 186
309 419
309 318
310 194
311 286
312 430
312 443
313 446
313 492
316 449
316 469
316 97
317 268
318 486
320 311
320 158
322 149
323 188
324 402
325 121
325 293
326 154
326 380
326 86
327 150
327 169
327 14
328 119
328 35
328 137
329 361
329 287
330 334
330 418
330 317
330 491
331 8
331 414
332 316
332 22
332 154
332 221
333 132
335 276
336 489
336 58
336 221
337 18
337 491
339 423
339 437
340 63
340 17
341 62
341 97
341 483
342 465
342 161
342 39
342 264
344 178
344 96
345 124
346 342
349 445
349 254
350 306
350 159
350 233
350 107
351 339
354 340
355 338
355 331
355 212
356 367
359 92
360 22
361 201
362 99
363 244
363 106
364 210
364 250
364 480
365 467
365 179
366 167
366 445
367 421
368 291
368 327
371 376
371 356
372 480
373 32
374 20
374 426
375 498
375 415
376 366
376 173
376 394
377 187
377 227
377 46
377 220
378 195
378 59
378 178
379 260
380 187
381 39
382 304
383 387
384 352
384 487
385 29
386 342
386 326
387 219
389 230
389 285
389 451
390 221
390 499
390 385
391 455
392 223
392 378
392 431
392 302
394 16
394 161
395 283
396 376
396 141
397 334
397 25
397 155
398 119
399 58
400 196
401 324
401 151
403 466
403 393
404 297
404 341
404 47
405 76
406 95
406 150
406 105
408 214
409 214
410 491
411 444
412 236
412 165
413 322
413 37
414 127
414 336
414 173
415 345
415 499
416 264
416 226
417 17
417 312
419 177
421 498
421 490
422 354
422 346
423 414
423 247
423 437
424 227
426 67
427 76
427 29
427 334
429 397
429 483
429 375
430 238
431 328
432 393
432 161
432 133
433 158
433 304
433 462
434 323
434 19
434 27
434 7
434 364
434 35
434 66
435 24
436 131
436 159
437 161
438 97
438 212
438 194
439 357
439 148
440 498
440 32
441 388
444 114
444 231
445 316
446 13
447 185
447 127
448 90
448 498
448 450
450 307
451 87
453 300
454 221
456 463
456 244
456 441
457 225
457 318
457 133
458 459
458 424
459 86
459 342
459 406
460 468
461 396
461 90
464 385
465 296
468 261
469 298
470 262
471 299
473 212
473 377
474 47
474 314
474 46
474 358
475 167
475 242
475 315
475 253
475 433
475 0
475 451
476 346
476 443
477 464
478 94
479 437
479 104
480 72
480 475
481 189
484 342
485 303
485 149
485 122
486 378
486 77
486 53
486 195
486 198
487 206
487 335
488 178
489 287
489 199
490 465
491 288
492 171
492 106
492 240
493 71
494 366
495 242
495 103
496 198
496 291
496 388
497 270
498 9
499 259